version = 'MMult_1x4_4';
MY_MMult = [
40 1.802817e+00 0.000000e+00 
80 1.503671e+00 0.000000e+00 
120 1.572338e+00 0.000000e+00 
160 1.513114e+00 0.000000e+00 
200 1.453224e+00 0.000000e+00 
240 1.422881e+00 0.000000e+00 
280 1.414296e+00 0.000000e+00 
320 1.977311e+00 0.000000e+00 
360 1.805643e+00 0.000000e+00 
400 1.939835e+00 0.000000e+00 
440 2.032037e+00 0.000000e+00 
480 1.908503e+00 0.000000e+00 
520 1.975969e+00 0.000000e+00 
560 1.994673e+00 0.000000e+00 
600 1.724737e+00 0.000000e+00 
640 1.779914e+00 0.000000e+00 
680 1.872137e+00 0.000000e+00 
720 1.976625e+00 0.000000e+00 
760 1.688054e+00 0.000000e+00 
800 1.883534e+00 0.000000e+00 
];
