version = 'MMult_4x4_11';
MY_MMult = [
40 8.000000e+00 1.000000e+01 
80 7.585185e+00 1.000000e+01 
120 7.322034e+00 1.000000e+01 
160 7.373537e+00 2.000000e+01 
200 7.252947e+00 2.000000e+01 
240 6.845259e+00 2.000000e+01 
280 6.846094e+00 3.000000e+01 
320 6.863846e+00 3.000000e+01 
360 6.813084e+00 3.000000e+01 
400 6.658344e+00 4.000000e+01 
440 6.743509e+00 4.000000e+01 
480 4.612901e+00 4.000000e+01 
520 4.634792e+00 5.000000e+01 
560 4.163539e+00 5.000000e+01 
600 4.730151e+00 5.000000e+01 
640 3.674212e+00 5.000000e+01 
680 5.542068e+00 6.000000e+01 
720 5.604324e+00 6.000000e+01 
760 6.360035e+00 6.000000e+01 
800 6.315023e+00 7.000000e+01 
];
