version = 'MMult2';
MY_MMult = [
40 1.828571e+00 0.000000e+00 
80 1.654281e+00 0.000000e+00 
120 1.608939e+00 0.000000e+00 
160 1.754927e+00 0.000000e+00 
200 2.073345e+00 0.000000e+00 
240 1.943211e+00 0.000000e+00 
280 1.977123e+00 0.000000e+00 
320 1.982515e+00 0.000000e+00 
360 1.855515e+00 0.000000e+00 
400 1.753665e+00 0.000000e+00 
440 1.956634e+00 0.000000e+00 
480 1.815946e+00 0.000000e+00 
520 1.783494e+00 0.000000e+00 
560 1.753635e+00 0.000000e+00 
600 1.591084e+00 0.000000e+00 
640 1.882481e+00 0.000000e+00 
680 1.670214e+00 0.000000e+00 
720 1.553530e+00 0.000000e+00 
760 1.686919e+00 0.000000e+00 
800 1.718375e+00 0.000000e+00 
];
