version = 'MMult_4x4_10';
MY_MMult = [
40 9.142857e+00 2.664535e-15 
80 9.225225e+00 9.769963e-15 
120 9.265416e+00 1.065814e-14 
160 8.102868e+00 1.065814e-14 
200 8.574491e+00 1.421085e-14 
240 7.810169e+00 1.776357e-14 
280 8.321456e+00 1.776357e-14 
320 1.085932e+01 3.019807e-14 
360 1.091113e+01 2.486900e-14 
400 1.083277e+01 3.907985e-14 
440 7.460174e+00 3.197442e-14 
480 6.187657e+00 2.842171e-14 
520 9.298241e+00 4.263256e-14 
560 9.295787e+00 4.618528e-14 
600 7.465911e+00 3.907985e-14 
640 8.757400e+00 4.618528e-14 
680 4.652497e+00 4.973799e-14 
720 9.891950e+00 4.973799e-14 
760 8.001896e+00 7.105427e-14 
800 8.755280e+00 4.973799e-14 
];
