version = 'MMult_1x4_3';
MY_MMult = [
40 1.753425e+00 0.000000e+00 
80 1.521545e+00 0.000000e+00 
120 1.545617e+00 0.000000e+00 
160 1.566348e+00 0.000000e+00 
200 1.428954e+00 0.000000e+00 
240 1.375522e+00 0.000000e+00 
280 1.386909e+00 0.000000e+00 
320 1.415831e+00 0.000000e+00 
360 1.949198e+00 0.000000e+00 
400 1.829094e+00 0.000000e+00 
440 1.728308e+00 0.000000e+00 
480 2.008153e+00 0.000000e+00 
520 1.774390e+00 0.000000e+00 
560 1.835010e+00 0.000000e+00 
600 1.548259e+00 0.000000e+00 
640 2.004151e+00 0.000000e+00 
680 2.030913e+00 0.000000e+00 
720 1.711362e+00 0.000000e+00 
760 1.677687e+00 0.000000e+00 
800 1.378137e+00 0.000000e+00 
];
