version = 'MMult_4x4_3';
MY_MMult = [
40 1.802817e+00 0.000000e+00 
80 1.638400e+00 0.000000e+00 
120 1.605202e+00 0.000000e+00 
160 1.608798e+00 0.000000e+00 
200 1.741971e+00 0.000000e+00 
240 1.374497e+00 0.000000e+00 
280 1.456331e+00 0.000000e+00 
320 2.003363e+00 0.000000e+00 
360 1.986418e+00 0.000000e+00 
400 2.047836e+00 0.000000e+00 
440 2.059350e+00 0.000000e+00 
480 2.008919e+00 0.000000e+00 
520 2.068799e+00 0.000000e+00 
560 1.977223e+00 0.000000e+00 
600 2.049433e+00 0.000000e+00 
640 2.051574e+00 0.000000e+00 
680 2.049338e+00 0.000000e+00 
720 2.057670e+00 0.000000e+00 
760 1.768474e+00 0.000000e+00 
800 2.005087e+00 0.000000e+00 
];
