version = 'MMult_1x4_6';
MY_MMult = [
40 5.565217e+00 2.664535e-15 
80 5.305699e+00 9.769963e-15 
120 5.656301e+00 1.065814e-14 
160 4.558709e+00 1.065814e-14 
200 5.449591e+00 1.421085e-14 
240 4.947745e+00 1.776357e-14 
280 5.272487e+00 1.776357e-14 
320 7.098787e+00 3.019807e-14 
360 5.119719e+00 2.486900e-14 
400 7.319723e+00 3.907985e-14 
440 6.852546e+00 3.197442e-14 
480 6.931712e+00 2.842171e-14 
520 5.897368e+00 4.263256e-14 
560 4.443275e+00 4.618528e-14 
600 4.273166e+00 3.907985e-14 
640 4.592411e+00 4.618528e-14 
680 5.560297e+00 4.973799e-14 
720 4.468431e+00 4.973799e-14 
760 6.648432e+00 7.105427e-14 
800 6.363252e+00 4.973799e-14 
];
