version = 'MMult_1x4_9';
MY_MMult = [
40 5.565217e+00 2.664535e-15 
80 5.688889e+00 9.769963e-15 
120 4.553360e+00 1.065814e-14 
160 5.421575e+00 1.065814e-14 
200 4.716981e+00 1.421085e-14 
240 5.420114e+00 1.776357e-14 
280 4.827799e+00 1.776357e-14 
320 5.085830e+00 3.019807e-14 
360 5.059206e+00 2.486900e-14 
400 4.869142e+00 3.907985e-14 
440 4.409794e+00 3.197442e-14 
480 4.583459e+00 2.842171e-14 
520 4.660755e+00 4.263256e-14 
560 4.283160e+00 4.618528e-14 
600 5.591003e+00 3.907985e-14 
640 4.425342e+00 4.618528e-14 
680 4.646893e+00 4.973799e-14 
720 4.838234e+00 4.973799e-14 
760 6.584607e+00 7.105427e-14 
800 4.979624e+00 4.973799e-14 
];
