version = 'MMult_4x4_14';
MY_MMult = [
40 9.846154e+00 2.664535e-15 
80 1.089362e+01 9.769963e-15 
120 1.093671e+01 1.065814e-14 
160 1.087915e+01 1.421085e-14 
200 1.222307e+01 1.776357e-14 
240 1.465960e+01 2.309264e-14 
280 1.441366e+01 3.907985e-14 
320 1.479702e+01 3.907985e-14 
360 1.472727e+01 4.618528e-14 
400 1.528176e+01 4.796163e-14 
440 1.553744e+01 5.151435e-14 
480 1.485553e+01 7.815970e-14 
520 1.399224e+01 7.815970e-14 
560 1.487641e+01 8.171241e-14 
600 1.528987e+01 7.815970e-14 
640 1.525512e+01 9.947598e-14 
680 1.511002e+01 8.526513e-14 
720 1.530583e+01 8.171241e-14 
760 1.539079e+01 9.237056e-14 
800 1.492255e+01 9.947598e-14 
];
