version = 'MMult_1x4_8';
MY_MMult = [
40 4.923077e+00 2.664535e-15 
80 5.475936e+00 9.769963e-15 
120 5.538462e+00 1.065814e-14 
160 5.657459e+00 1.065814e-14 
200 5.631820e+00 1.421085e-14 
240 7.620728e+00 1.776357e-14 
280 7.728217e+00 1.776357e-14 
320 4.761061e+00 3.019807e-14 
360 5.197571e+00 2.486900e-14 
400 5.912240e+00 3.907985e-14 
440 4.761011e+00 3.197442e-14 
480 5.969234e+00 2.842171e-14 
520 4.827660e+00 4.263256e-14 
560 4.356420e+00 4.618528e-14 
600 6.853988e+00 3.907985e-14 
640 6.517752e+00 4.618528e-14 
680 4.871705e+00 4.973799e-14 
720 6.123839e+00 4.973799e-14 
760 4.143844e+00 7.105427e-14 
800 4.933489e+00 4.973799e-14 
];
