version = 'MMult_4x4_9';
MY_MMult = [
40 8.533333e+00 2.664535e-15 
80 6.320988e+00 9.769963e-15 
120 7.155280e+00 1.065814e-14 
160 4.830189e+00 1.065814e-14 
200 6.661116e+00 1.421085e-14 
240 5.016875e+00 1.776357e-14 
280 6.302613e+00 1.776357e-14 
320 6.342398e+00 3.019807e-14 
360 6.435754e+00 2.486900e-14 
400 8.365466e+00 3.907985e-14 
440 6.247910e+00 3.197442e-14 
480 8.030498e+00 2.842171e-14 
520 8.100939e+00 4.263256e-14 
560 8.552241e+00 4.618528e-14 
600 7.157295e+00 3.907985e-14 
640 8.706066e+00 4.618528e-14 
680 8.537504e+00 4.973799e-14 
720 7.671161e+00 4.973799e-14 
760 6.176019e+00 7.105427e-14 
800 5.171378e+00 4.973799e-14 
];
