version = 'MMult0';
MY_MMult = [
40 1.777778e+00 0.000000e+00 
80 1.546828e+00 0.000000e+00 
120 1.499349e+00 0.000000e+00 
160 1.611647e+00 0.000000e+00 
200 1.476151e+00 0.000000e+00 
240 1.654182e+00 0.000000e+00 
280 1.972504e+00 0.000000e+00 
320 2.010060e+00 0.000000e+00 
360 1.510832e+00 0.000000e+00 
400 1.891728e+00 0.000000e+00 
440 1.884247e+00 0.000000e+00 
480 1.907795e+00 0.000000e+00 
520 2.032524e+00 0.000000e+00 
560 1.988203e+00 0.000000e+00 
600 1.952966e+00 0.000000e+00 
640 1.939222e+00 0.000000e+00 
680 1.866265e+00 0.000000e+00 
720 1.564384e+00 0.000000e+00 
760 1.524214e+00 0.000000e+00 
800 1.477631e+00 0.000000e+00 
];
