version = 'MMult1';
MY_MMult = [
40 1.684211e+00 0.000000e+00 
80 1.602504e+00 0.000000e+00 
120 1.493518e+00 0.000000e+00 
160 1.512555e+00 0.000000e+00 
200 1.478470e+00 0.000000e+00 
240 1.525154e+00 0.000000e+00 
280 1.809057e+00 0.000000e+00 
320 1.947578e+00 0.000000e+00 
360 1.453934e+00 0.000000e+00 
400 2.048066e+00 0.000000e+00 
440 2.008441e+00 0.000000e+00 
480 2.020942e+00 0.000000e+00 
520 2.015120e+00 0.000000e+00 
560 1.664488e+00 0.000000e+00 
600 1.599218e+00 0.000000e+00 
640 2.052353e+00 0.000000e+00 
680 1.488569e+00 0.000000e+00 
720 1.826701e+00 0.000000e+00 
760 1.548332e+00 0.000000e+00 
800 1.557329e+00 0.000000e+00 
];
