version = 'MMult_4x4_13';
MY_MMult = [
40 1.280000e+01 2.664535e-15 
80 1.422222e+01 9.769963e-15 
120 1.376892e+01 1.065814e-14 
160 1.427178e+01 1.421085e-14 
200 1.397380e+01 1.776357e-14 
240 9.008798e+00 2.309264e-14 
280 9.056106e+00 3.907985e-14 
320 1.115696e+01 3.907985e-14 
360 9.023499e+00 4.618528e-14 
400 1.040481e+01 4.796163e-14 
440 1.500379e+01 5.151435e-14 
480 1.463244e+01 7.815970e-14 
520 1.348822e+01 7.815970e-14 
560 1.382585e+01 8.171241e-14 
600 1.406616e+01 7.815970e-14 
640 1.414700e+01 9.947598e-14 
680 1.387731e+01 8.526513e-14 
720 1.426326e+01 8.171241e-14 
760 1.375992e+01 9.237056e-14 
800 1.394468e+01 9.947598e-14 
];
