version = 'MMult_1x4_7';
MY_MMult = [
40 6.095238e+00 2.664535e-15 
80 5.851429e+00 9.769963e-15 
120 5.808403e+00 1.065814e-14 
160 5.591809e+00 1.065814e-14 
200 5.740940e+00 1.421085e-14 
240 7.388562e+00 1.776357e-14 
280 7.421231e+00 1.776357e-14 
320 7.712840e+00 3.019807e-14 
360 7.669269e+00 2.486900e-14 
400 7.680768e+00 3.907985e-14 
440 7.698857e+00 3.197442e-14 
480 7.667487e+00 2.842171e-14 
520 4.373771e+00 4.263256e-14 
560 4.525019e+00 4.618528e-14 
600 4.129230e+00 3.907985e-14 
640 3.827870e+00 4.618528e-14 
680 3.605479e+00 4.973799e-14 
720 2.548203e+00 4.973799e-14 
760 4.328234e+00 7.105427e-14 
800 4.997901e+00 4.973799e-14 
];
