version = 'MMult_1x4_5';
MY_MMult = [
40 2.461538e+00 0.000000e+00 
80 2.226087e+00 0.000000e+00 
120 2.117647e+00 0.000000e+00 
160 2.086602e+00 0.000000e+00 
200 2.150538e+00 0.000000e+00 
240 2.804341e+00 0.000000e+00 
280 2.750533e+00 0.000000e+00 
320 2.582292e+00 0.000000e+00 
360 2.588477e+00 0.000000e+00 
400 2.605386e+00 0.000000e+00 
440 2.563120e+00 0.000000e+00 
480 2.641792e+00 0.000000e+00 
520 2.483363e+00 0.000000e+00 
560 2.519056e+00 0.000000e+00 
600 2.629129e+00 0.000000e+00 
640 2.460961e+00 0.000000e+00 
680 2.130789e+00 0.000000e+00 
720 2.025412e+00 0.000000e+00 
760 2.430008e+00 0.000000e+00 
800 2.423933e+00 0.000000e+00 
];
