version = 'MMult_4x4_12';
MY_MMult = [
40 9.142857e+00 2.664535e-15 
80 8.258065e+00 9.769963e-15 
120 7.432258e+00 1.065814e-14 
160 7.599258e+00 1.421085e-14 
200 7.403980e+00 1.776357e-14 
240 4.715675e+00 2.309264e-14 
280 7.042669e+00 3.907985e-14 
320 7.111883e+00 3.907985e-14 
360 7.085194e+00 4.618528e-14 
400 6.999125e+00 4.796163e-14 
440 9.336768e+00 5.151435e-14 
480 6.252021e+00 7.815970e-14 
520 9.128019e+00 7.815970e-14 
560 9.554214e+00 8.171241e-14 
600 9.514371e+00 7.815970e-14 
640 1.000607e+01 9.947598e-14 
680 1.005700e+01 8.526513e-14 
720 8.933332e+00 8.171241e-14 
760 1.008028e+01 9.237056e-14 
800 1.025025e+01 9.947598e-14 
];
